((("the" .
   [1 0 0])
  ("theme" .
   [1 0 0 0 0])
  ("add-to-list" .
   [0 0 0 0 0 1 1 0 0 0 0])
  ("load-path" .
   [1 0 0 0 0 0 0 0 0])
  ("~/.emacs" .
   [1 0 0 0 0 0 0 0])
  ("~/.emacs.d/" .
   [0 0 0 0 0 0 0 0 0 0 1])
  ("~/.emacs.d/color-theme/" .
   [0 0 0 0 0 0 0 0 0 0 0 0 0 0 0 1 0 0 0 0 0 0 0])
  ("require" .
   [0 0 0 0 0 0 1])
  ("setq" .
   [1 0 0 0])
  ("Consolas-18" .
   [0 0 0 0 0 0 0 0 1 0 0])
  ("other-window" .
   [1 0 0 0 0 0 0 0 0 0 0 0])
  ("next-buffer" .
   [1 0 0 0 0 0 0 0 0 0 0])))
